libchoice	mylock		thread_num	time
0		0		1		0.114s
0		0		4		1.254
0		0		8		4.573s
0		0		12		7.273
0		0		16		8.3s
0		0		20		13.25

0		1		1		0.1s
0		1		4		1.079
0		1		8		4.515s
0		1		12		8.898
0		1		16		12.126s
0		1		20		17.705

0		2		1		0.121s
0		2		4		1.318
0		2		8		5.548s
0		2		12		7.542
0		2		16		14.135s
0		2		20		19.642

1		0		1		0.105s
1		0		4		2.09
1		0		8		6.703s
1		0		12		11.339
1		0		16		14.191s
1		0		20		22.21

1		1		1		0.175s
1		1		4		1.807
1		1		8		7.758s
1		1		12		13.614
1		1		16		18.4s
1		1		20		21.693

1		2		1		0.162s
1		2		4		2.015
1		2		8		7.829s
1		2		12		13.142
1		2		16		17.937s
1		2		20		22.576

2		0		1		2.379s
2		0		4		5.427
2		0		8		5.747s
2		0		12		7.381
2		0		16		8.563s
2		0		20		9.832

2		1		1		2.493s
2		1		4		6.694
2		1		8		9.148s
2		1		12		7.789
2		1		16		12.516s
2		1		20		14.321

2		2		1		2.319s
2		2		4		5.372
2		2		8		5.879s
2		2		12		7.497
2		2		16		9.333s
2		2		20		10.986
